0.1, 0
-1.85676e-16, 0.1
0, 1
1, 1
1, 0
0.0995531, 0.0094432
0.0982165, 0.018802
0.0960021, 0.0279928
0.0929297, 0.0369333
0.0890267, 0.0455438
0.0842375, 0.0538892
0.0781972, 0.0623314
0.0707107, 0.0707107
0.0623314, 0.0781972
0.0538892, 0.0842375
0.0455438, 0.0890267
0.0369333, 0.0929297
0.0279928, 0.0960021
0.018802, 0.0982165
0.0094432, 0.0995531
0, 0.951397
0, 0.902793
0, 0.85419
0, 0.805586
0, 0.756983
0, 0.70838
0, 0.659776
0, 0.611173
0, 0.563788
0, 0.520222
0, 0.480263
0, 0.443612
0, 0.409995
0, 0.379161
0, 0.350878
0, 0.324938
0, 0.301144
0, 0.27932
0, 0.259303
0, 0.240942
0, 0.224101
0, 0.208655
0, 0.194487
0, 0.181492
0, 0.169573
0, 0.15864
0, 0.148603
0, 0.138883
0, 0.129162
0, 0.119441
0, 0.109721
0.95, 1
0.9, 1
0.85, 1
0.8, 1
0.75, 1
0.7, 1
0.65, 1
0.6, 1
0.55, 1
0.5, 1
0.45, 1
0.4, 1
0.35, 1
0.3, 1
0.25, 1
0.2, 1
0.15, 1
0.1, 1
0.05, 1
1, 0.05
1, 0.1
1, 0.15
1, 0.2
1, 0.25
1, 0.3
1, 0.35
1, 0.4
1, 0.45
1, 0.5
1, 0.55
1, 0.6
1, 0.65
1, 0.7
1, 0.75
1, 0.8
1, 0.85
1, 0.9
1, 0.95
0.109721, 0
0.119441, 0
0.129162, 0
0.138883, 0
0.148603, 0
0.15864, 0
0.169573, 0
0.181492, 0
0.194487, 0
0.208655, 0
0.224101, 0
0.240942, 0
0.259303, 0
0.27932, 0
0.301144, 0
0.324938, 0
0.350878, 0
0.379161, 0
0.409995, 0
0.443612, 0
0.480263, 0
0.520222, 0
0.563788, 0
0.611173, 0
0.659776, 0
0.70838, 0
0.756983, 0
0.805586, 0
0.85419, 0
0.902793, 0
0.951397, 0
0.0735746, 0.0811136
0.250249, 0.0139205
0.0164149, 0.250515
0.36577, 0.0202585
0.0331732, 0.500243
0.499353, 0.0357267
0.0207769, 0.337322
0.187989, 0.0107883
0.472254, 0.957661
0.95471, 0.478372
0.0112201, 0.187928
0.0941717, 0.0542449
0.676984, 0.959582
0.0384128, 0.67694
0.682893, 0.038621
0.0447807, 0.098526
0.951745, 0.682292
0.00855506, 0.153622
0.323134, 0.959929
0.960061, 0.321948
0.154103, 0.00808103
0.103578, 0.0352363
0.172785, 0.95771
0.947229, 0.173631
0.953017, 0.821101
0.0253101, 0.107002
0.0377335, 0.587099
0.587973, 0.0386918
0.0254205, 0.393666
0.425182, 0.029409
0.0181179, 0.290232
0.290344, 0.0169291
0.216439, 0.0122352
0.0150255, 0.216444
0.821161, 0.956904
0.042748, 0.829962
0.830969, 0.0443073
0.575, 0.956699
0.952186, 0.574109
0.132672, 0.00804544
0.007774, 0.134321
0.106436, 0.0141444
0.0770218, 0.957954
0.959373, 0.0734606
0.95776, 0.925079
0.00841836, 0.114581
0.0646767, 0.0890526
0.0757867, 0.093186
0.084822, 0.0844235
0.0882006, 0.0967191
0.0784144, 0.105619
0.0907777, 0.109226
0.101204, 0.100294
0.104016, 0.113793
0.115091, 0.103867
0.118023, 0.118613
0.129783, 0.1082
0.132782, 0.123818
0.14461, 0.113102
0.148422, 0.129338
0.136166, 0.139846
0.152864, 0.146726
0.167684, 0.135111
0.170609, 0.15404
0.156267, 0.16629
0.175032, 0.173035
0.190346, 0.159962
0.195405, 0.180236
0.210919, 0.16537
0.216811, 0.187594
0.199404, 0.203623
0.223779, 0.211569
0.203852, 0.229083
0.229391, 0.238223
0.250464, 0.219138
0.256625, 0.247343
0.234499, 0.266789
0.262739, 0.276687
0.285519, 0.256149
0.292234, 0.286721
0.314131, 0.265602
0.321081, 0.297454
0.29841, 0.318147
0.329848, 0.330009
0.356277, 0.30227
0.363353, 0.340004
0.337074, 0.363977
0.37072, 0.375453
0.402046, 0.347214
0.406047, 0.386866
0.377263, 0.412173
0.413711, 0.423899
0.441906, 0.398562
0.450581, 0.435831
0.38494, 0.449379
0.479153, 0.409253
0.488161, 0.447749
0.517475, 0.420623
0.526507, 0.459903
0.496638, 0.487281
0.535692, 0.499877
0.505069, 0.527714
0.544889, 0.54051
0.556485, 0.432272
0.513775, 0.569085
0.554365, 0.582071
0.0810869, 0.117878
0.546978, 0.392172
0.586778, 0.40405
0.577014, 0.363011
0.522669, 0.610993
0.563801, 0.624412
0.595925, 0.594794
0.605631, 0.637901
0.481717, 0.597748
0.617634, 0.375342
0.490589, 0.640276
0.448619, 0.6266
0.637421, 0.609012
0.648209, 0.651486
0.60783, 0.333997
0.649031, 0.3461
0.658876, 0.388367
0.457929, 0.669893
0.415327, 0.655994
0.141412, 0.0976427
0.567058, 0.321733
0.597724, 0.29267
0.557086, 0.280603
0.615004, 0.681852
0.658347, 0.695555
0.679971, 0.622788
0.424816, 0.699993
0.382041, 0.686012
0.691166, 0.358356
0.701043, 0.401965
0.372616, 0.64193
0.339231, 0.671907
0.330106, 0.627686
0.296483, 0.65748
0.287944, 0.613547
0.305444, 0.70227
0.587757, 0.25143
0.547344, 0.240017
0.625537, 0.726185
0.668591, 0.740325
0.733995, 0.371502
0.723752, 0.327388
0.743983, 0.415559
0.262122, 0.687529
0.271165, 0.732892
0.203074, 0.142432
0.229323, 0.151269
0.222505, 0.127487
0.243922, 0.133734
0.236387, 0.108871
0.260277, 0.117556
0.213439, 0.106547
0.391536, 0.730519
0.434766, 0.74452
0.266351, 0.13989
0.283805, 0.123735
0.289504, 0.14962
0.308829, 0.130309
0.702564, 0.709064
0.712624, 0.754635
0.747424, 0.722676
0.757628, 0.769123
0.314982, 0.158303
0.335971, 0.137128
0.343133, 0.166277
0.365661, 0.143649
0.373024, 0.175576
0.397481, 0.151483
0.405341, 0.185788
0.430717, 0.161005
0.595169, 0.445485
0.347902, 0.437247
0.239654, 0.296821
0.210712, 0.286822
0.216044, 0.317296
0.186261, 0.307302
0.192179, 0.337889
0.16305, 0.326772
0.168133, 0.35818
0.157268, 0.298111
0.198877, 0.369836
0.173554, 0.391829
0.206034, 0.403559
0.178887, 0.426631
0.212995, 0.439028
0.184197, 0.463785
0.178922, 0.220072
0.106199, 0.127917
0.227587, 0.718863
0.221347, 0.672389
0.2363, 0.764241
0.400943, 0.775571
0.135467, 0.316145
0.130129, 0.289442
0.638703, 0.771364
0.577673, 0.210384
0.61896, 0.222096
0.767146, 0.340549
0.756821, 0.295812
0.254711, 0.0967364
0.444915, 0.789731
0.710333, 0.446289
0.753752, 0.460405
0.787805, 0.42912
0.797921, 0.474237
0.220262, 0.476255
0.191053, 0.50167
0.515596, 0.269239
0.354567, 0.474227
0.299555, 0.1064
0.155764, 0.102168
0.152073, 0.0872135
0.137421, 0.081642
0.148826, 0.0732155
0.16237, 0.0770481
0.15869, 0.0638411
0.172197, 0.0673028
0.146174, 0.0601651
0.155262, 0.0513151
0.143044, 0.0482726
0.134816, 0.0563752
0.146145, 0.414394
0.19223, 0.749987
0.793229, 0.736425
0.782351, 0.689708
0.803594, 0.783374
0.767764, 0.816112
0.109503, 0.306652
0.10547, 0.280825
0.60981, 0.181198
0.650595, 0.192354
0.568288, 0.172236
0.41047, 0.821268
0.200917, 0.795523
0.245788, 0.810342
0.801035, 0.30911
0.790459, 0.26379
0.113844, 0.333753
0.438769, 0.583332
0.478879, 0.758476
0.489292, 0.80377
0.763475, 0.505659
0.807989, 0.519711
0.13224, 0.0451406
0.124203, 0.264561
0.101719, 0.256769
0.118374, 0.241678
0.0979995, 0.234652
0.112481, 0.220886
0.0932986, 0.21481
0.0792048, 0.227371
0.0755523, 0.20881
0.0890107, 0.196853
0.0725696, 0.191499
0.0855168, 0.179995
0.0702891, 0.175283
0.058369, 0.185133
0.0566586, 0.169709
0.0671829, 0.161011
0.0537875, 0.157016
0.0442724, 0.164662
0.042112, 0.152931
0.0510294, 0.145261
0.0400196, 0.141464
0.0478529, 0.134303
0.101529, 0.185117
0.154105, 0.488336
0.160947, 0.527376
0.625987, 0.569887
0.35839, 0.113455
0.24095, 0.413363
0.139961, 0.0375139
0.176173, 0.0812168
0.18655, 0.0707487
0.182351, 0.0566619
0.196993, 0.0600129
0.834292, 0.277589
0.824424, 0.231415
0.779967, 0.217795
0.813653, 0.185279
0.768772, 0.17173
0.0814699, 0.269575
0.839874, 0.749731
0.129869, 0.0347847
0.0614079, 0.220487
0.814178, 0.830706
0.124066, 0.0526918
0.832253, 0.442751
0.4218, 0.126371
0.456391, 0.13588
0.470596, 0.371965
0.228227, 0.514825
0.439563, 0.195776
0.413192, 0.220688
0.0380155, 0.130872
0.77334, 0.551099
0.817987, 0.565418
0.320713, 0.584691
0.843621, 0.322973
0.388477, 0.486743
0.0691082, 0.114236
0.157918, 0.780204
0.167032, 0.829737
0.0588869, 0.137446
0.0445474, 0.124079
0.0978374, 0.168589
0.366473, 0.806765
0.319158, 0.462144
0.192677, 0.0456937
0.207856, 0.0487846
0.212303, 0.0641321
0.223923, 0.0520285
0.640228, 0.151591
0.660622, 0.234577
0.855547, 0.533425
0.0881201, 0.323777
0.0921877, 0.350864
0.150005, 0.733856
0.111531, 0.0910841
0.320652, 0.186251
0.584364, 0.712268
0.778235, 0.863408
0.731616, 0.848706
0.375516, 0.8529
0.868491, 0.244696
0.124397, 0.512885
0.130132, 0.553232
0.168878, 0.567555
0.136621, 0.59505
0.0327054, 0.160709
0.0345893, 0.173358
0.72902, 0.536982
0.176927, 0.0420541
0.113144, 0.173632
0.863696, 0.580099
0.446927, 0.100851
0.484176, 0.107977
0.413056, 0.0924942
0.0646456, 0.238239
0.0301414, 0.137711
0.02838, 0.127498
0.126319, 0.0634256
0.115634, 0.059942
0.42044, 0.867569
0.119914, 0.473055
0.803298, 0.136566
0.84851, 0.152088
0.757757, 0.122871
0.270706, 0.165693
0.44745, 0.231468
0.42127, 0.256702
0.472683, 0.208298
0.380354, 0.243888
0.110935, 0.773505
0.140705, 0.247999
0.183457, 0.245607
0.312682, 0.425975
0.047575, 0.231641
0.0508565, 0.252144
0.0447469, 0.214278
0.32393, 0.502671
0.465584, 0.514876
0.783154, 0.597109
0.574775, 0.512238
0.137306, 0.0275276
0.147258, 0.0300061
0.127576, 0.0248197
0.500226, 0.68323
0.0214042, 0.168495
0.229636, 0.0694185
0.242064, 0.0566904
0.190668, 0.0853791
0.331022, 0.838131
0.491814, 0.145954
0.519593, 0.119317
0.159012, 0.186633
0.74066, 0.893016
0.696639, 0.880342
0.523419, 0.773338
0.534112, 0.818247
0.499532, 0.849986
0.544602, 0.864433
0.246225, 0.327145
0.118469, 0.36158
0.0953966, 0.380461
0.117208, 0.189712
0.120322, 0.0316201
0.579264, 0.833404
0.590098, 0.878195
0.278029, 0.570424
0.246208, 0.598299
0.109752, 0.157224
0.093947, 0.152519
0.692719, 0.201801
0.385794, 0.898664
0.0962424, 0.536715
0.114363, 0.0489174
0.179551, 0.0964646
0.621587, 0.848043
0.825377, 0.876765
0.861085, 0.844998
0.871776, 0.89328
0.175495, 0.61023
0.143005, 0.638067
0.104454, 0.622372
0.109345, 0.66644
0.261543, 0.48894
0.456989, 0.267333
0.432047, 0.29279
0.462744, 0.303229
0.315176, 0.747468
0.821878, 0.397361
0.867006, 0.411253
0.878462, 0.45605
0.201636, 0.0344919
0.0662029, 0.337523
0.0643592, 0.310894
0.118608, 0.0720374
0.1069, 0.0678139
0.712589, 0.2847
0.912731, 0.422247
0.899207, 0.379485
0.306678, 0.235557
0.233752, 0.0394877
0.251229, 0.0425692
0.260503, 0.0615373
0.270519, 0.046144
0.280099, 0.0657974
0.291506, 0.0498614
0.302106, 0.0698972
0.316121, 0.0534108
0.325345, 0.0769154
0.341803, 0.0583613
0.0718719, 0.125562
0.0834327, 0.13032
0.144506, 0.0200752
0.153979, 0.0231622
0.157727, 0.0324961
0.163481, 0.0252576
0.51111, 0.897024
0.125102, 0.165948
0.327169, 0.0364277
0.340097, 0.247078
0.687558, 0.83275
0.217219, 0.0795158
0.90181, 0.54959
0.0719528, 0.138119
0.837518, 0.104433
0.881685, 0.119639
0.626809, 0.886246
0.0609353, 0.120575
0.0594884, 0.111414
0.894715, 0.166699
0.117444, 0.0236985
0.195184, 0.101647
0.183982, 0.112855
0.200829, 0.120366
0.438193, 0.330493
0.474409, 0.0687697
0.0304869, 0.224176
0.0649754, 0.101768
0.435756, 0.918999
0.0292255, 0.207854
0.0415609, 0.197426
0.0254442, 0.193221
0.285692, 0.455309
0.125506, 0.0922414
0.0208268, 0.133924
0.0224308, 0.144231
0.0191717, 0.124466
0.0268314, 0.117814
0.0201301, 0.155433
0.908193, 0.859876
0.899445, 0.810341
0.934112, 0.770248
0.179803, 0.273996
0.724712, 0.162478
0.714344, 0.120446
0.748053, 0.0781661
0.185225, 0.129799
0.0555751, 0.094952
0.0888387, 0.063722
0.139126, 0.179442
0.143791, 0.198584
0.057793, 0.201337
0.235201, 0.0876198
0.0986622, 0.0454052
0.106355, 0.0240999
0.0356497, 0.102466
0.0429521, 0.107961
0.0818688, 0.164848
0.111074, 0.71569
0.0733236, 0.746007
0.0854761, 0.296345
0.0639345, 0.286346
0.0395364, 0.296388
0.0469619, 0.273056
0.147019, 0.685512
0.123639, 0.0150713
0.0304271, 0.461938
0.0625032, 0.47798
0.0584912, 0.440703
0.878282, 0.0711852
0.187195, 0.0324132
0.909087, 0.596906
0.867511, 0.628245
0.948431, 0.525097
0.0149937, 0.107089
0.350632, 0.0852505
0.370441, 0.062891
0.122219, 0.0418773
0.11307, 0.0384669
0.168542, 0.0538548
0.033994, 0.541581
0.26753, 0.53049
0.236816, 0.555684
0.114962, 0.00840798
0.39535, 0.947297
0.0369774, 0.631534
0.105067, 0.0548
0.311152, 0.541988
0.351666, 0.5568
0.794578, 0.0814744
0.175614, 0.00949298
0.0104407, 0.17537
0.543674, 0.0389186
0.565155, 0.0740052
0.609036, 0.0768448
0.584641, 0.109733
0.519101, 0.0782646
0.528126, 0.311398
0.537342, 0.35149
0.4999, 0.342649
0.0817669, 0.0732429
0.095578, 0.0741421
0.948427, 0.39209
0.0442265, 0.184275
0.888203, 0.761999
0.924499, 0.728048
0.875507, 0.717849
0.954277, 0.626446
0.133387, 0.227447
0.157596, 0.231039
0.3796, 0.20759
0.0134859, 0.201432
0.36234, 0.598384
0.394948, 0.569813
0.405417, 0.612298
0.430916, 0.541921
0.0279909, 0.426163
0.0327649, 0.242473
0.4372, 0.0646516
0.393559, 0.285762
0.460003, 0.0330928
0.401938, 0.0562651
0.254888, 0.642705
0.90307, 0.499076
0.150114, 0.271898
0.0231561, 0.364629
0.0485978, 0.377884
0.053165, 0.407693
0.0862035, 0.415829
0.828251, 0.703536
0.816697, 0.656162
0.771637, 0.642418
0.019368, 0.312049
0.520083, 0.948665
0.0355904, 0.121279
0.313715, 0.0167097
0.394578, 0.0252835
0.0159369, 0.268519
0.269437, 0.0152635
0.508061, 0.223453
0.537864, 0.198011
0.0151097, 0.232761
0.232621, 0.0129471
0.201596, 0.011382
0.738559, 0.582546
0.697082, 0.56438
0.687601, 0.521295
0.720027, 0.491144
0.67713, 0.477066
0.64552, 0.503948
0.124849, 0.956786
0.0999997, 0.91375
0.0462614, 0.919487
0.0746946, 0.873127
0.128096, 0.863992
0.0950828, 0.8254
0.177022, 0.877258
0.211752, 0.843648
0.222504, 0.891436
0.956598, 0.120017
0.0100883, 0.163522
0.164198, 0.00827019
0.627342, 0.959724
0.0227363, 0.180324
0.275876, 0.957982
0.307929, 0.919031
0.223967, 0.948859
0.95786, 0.275417
0.919878, 0.304894
0.954171, 0.227781
0.955858, 0.875
0.668061, 0.43242
0.254223, 0.859021
0.725144, 0.95928
0.774903, 0.956728
0.874222, 0.947224
0.746317, 0.251706
0.73687, 0.676772
0.680533, 0.316126
0.0317826, 0.148626
0.511137, 0.728298
0.721881, 0.801385
0.232242, 0.380068
0.267078, 0.389921
0.0632815, 0.14858
0.421081, 0.461575
0.567018, 0.788957
0.472638, 0.555779
0.137259, 0.0689217
0.082219, 0.246459
0.851063, 0.796858
0.573514, 0.667506
0.280238, 0.778206
0.00972617, 0.123929
0.143476, 0.0100096
0.00782454, 0.143986
0.304679, 0.350639
0.454968, 0.835665
0.634174, 0.039251
0.654881, 0.0772018
0.556813, 0.911015
0.159816, 0.118203
0.845874, 0.487542
0.691975, 0.664637
0.0766718, 0.151592
0.858859, 0.198762
0.150013, 0.450082
0.341938, 0.883793
0.638538, 0.304638
0.389255, 0.119581
0.386195, 0.318253
0.361375, 0.271209
0.508574, 0.381359
0.208611, 0.255806
0.777543, 0.38459
0.725096, 0.63372
0.348602, 0.716521
0.382282, 0.527808
0.584367, 0.554217
0.467959, 0.714069
0.565019, 0.472264
0.342014, 0.400557
0.635657, 0.459821
0.458804, 0.474126
0.531876, 0.653649
0.326932, 0.105372
0.627029, 0.417581
0.162393, 0.0421552
0.827565, 0.610936
0.628287, 0.263367
0.789518, 0.912745
0.908935, 0.649746
0.680082, 0.785708
0.277714, 0.227409
0.27016, 0.196311
0.242649, 0.191064
0.246774, 0.168523
0.268902, 0.3068
0.198686, 0.541549
0.275985, 0.102291
0.464803, 0.171162
0.357697, 0.761413
0.134654, 0.0180887
0.465156, 0.881666
0.116829, 0.43429
0.1009, 0.579333
0.303759, 0.388141
0.810448, 0.35345
0.0412478, 0.323059
0.528101, 0.160634
0.216516, 0.0368943
0.906674, 0.211135
0.293533, 0.178586
0.424524, 0.501175
0.0934662, 0.121984
0.148731, 0.914488
0.215221, 0.626985
0.323257, 0.792339
0.924754, 0.957417
0.0622996, 0.266654
0.221722, 0.347943
0.921308, 0.0427836
0.85484, 0.367004
0.736081, 0.207011
0.150941, 0.0402932
0.349858, 0.195223
0.144595, 0.378791
0.206884, 0.583384
0.0347348, 0.112049
0.11994, 0.133556
0.201302, 0.0747729
0.165914, 0.0914408
0.10654, 0.202353
0.125541, 0.0801638
0.178526, 0.194554
0.249308, 0.4488
0.140593, 0.34587
0.249813, 0.0768832
0.174999, 0.0293696
0.0708509, 0.791232
0.288986, 0.824539
0.162339, 0.207366
0.256256, 0.358585
0.107743, 0.142284
0.542938, 0.698513
0.867674, 0.674797
0.680264, 0.162138
0.108659, 0.0789707
0.66951, 0.2749
0.380619, 0.0883228
0.12697, 0.206728
0.0842521, 0.141426
0.915427, 0.909646
0.732681, 0.0370635
0.181399, 0.656727
0.914962, 0.257393
0.162201, 0.252425
0.435987, 0.363246
0.780139, 0.0379041
0.919383, 0.0938371
0.296845, 0.873661
0.186514, 0.704114
0.554861, 0.743799
0.0642626, 0.519271
0.885906, 0.335602
0.702973, 0.242449
0.670655, 0.119056
0.117013, 0.400429
0.181409, 0.0200224
0.194344, 0.0216562
0.0983324, 0.0876056
0.299315, 0.206199
0.557048, 0.134939
0.296923, 0.485305
0.0435589, 0.350311
0.500554, 0.184586
0.6044, 0.486593
0.0899757, 0.455642
0.627376, 0.113216
0.599987, 0.921071
0.597159, 0.758226
0.0952564, 0.13458
0.0523597, 0.104474
0.0500192, 0.11558
0.258688, 0.915079
0.609145, 0.802297
0.268254, 0.0813949
0.169646, 0.10727
0.328697, 0.215479
0.958446, 0.433543
0.12337, 0.149521
0.275545, 0.337368
0.352467, 0.927695
0.875666, 0.291644
0.0178198, 0.115706
0.189002, 0.91795
0.616215, 0.52966
0.0983522, 0.062989
0.123975, 0.00630494
0.0701987, 0.364601
0.0318238, 0.26083
0.706125, 0.923759
0.481256, 0.246567
0.0928824, 0.495925
0.9651, 0.729727
0.0740282, 0.648846
0.112154, 0.0306243
0.0327408, 0.875912
0.208791, 0.0231916
0.433139, 0.962652
0.206654, 0.0902115
0.836925, 0.917412
0.0347477, 0.778305
0.877508, 0.0316552
0.0151708, 0.148288
0.279584, 0.418598
0.0673234, 0.561481
0.650012, 0.816213
0.289299, 0.0856542
0.48247, 0.278929
0.0708078, 0.604887
0.140139, 0.158112
0.703655, 0.0761578
0.0364421, 0.722896
0.656229, 0.545782
0.224759, 0.0250328
0.107245, 0.0442622
0.599874, 0.144118
0.00688497, 0.106562
0.921484, 0.457858
0.106367, 0.00663137
0.919279, 0.135632
0.659552, 0.863233
0.0707123, 0.389294
0.357264, 0.503914
0.0151225, 0.139612
0.479849, 0.920069
0.929795, 0.349022
0.0368297, 0.963529
0.0537575, 0.127259
0.0334621, 0.184352
0.0737711, 0.696136
0.259552, 0.0283946
0.963397, 0.963397
0.159219, 0.0162101
0.242027, 0.0270587
0.131922, 0.813141
0.466891, 0.339334
0.965282, 0.0349239
0.906664, 0.691318
0.279891, 0.0311364
0.547347, 0.103138
0.355721, 0.221852
0.657883, 0.915586
0.302457, 0.0336814
0.147273, 0.216332
0.665904, 0.585398
0.0415688, 0.11619
0.16982, 0.0181038
0.172961, 0.122009
0.494618, 0.30798
0.36419, 0.966984
0.338905, 0.0176064
0.378743, 0.0416701
0.70956, 0.599978
0.281896, 0.36682
0.308647, 0.0888477
0.229001, 0.172776
0.293234, 0.513591
0.0638288, 0.130041
0.150985, 0.0156396
0.353805, 0.0395358
0.972468, 0.774796
0.0144848, 0.130279
0.11407, 0.0161892
0.967657, 0.362612
0.251127, 0.150952
0.0471766, 0.174441
0.75337, 0.612754
0.182928, 0.145545
0.0297703, 0.277939
0.749251, 0.930621
0.221993, 0.0938251
0.12524, 0.180098
0.167106, 0.0342665
0.257572, 0.180398
0.0503442, 0.191723
0.413019, 0.315447
0.339197, 0.527735
0.337611, 0.276881
0.128946, 0.0721934
0.0682915, 0.25391
0.131321, 0.191535
0.117253, 0.0830722
