6.112e-01 1.021e-02
5.638e-01 1.021e-02
5.638e-01 1.023e-02
5.202e-01 1.025e-02
5.638e-01 1.025e-02
5.202e-01 1.027e-02
6.112e-01 1.019e-02
4.803e-01 1.032e-02
5.202e-01 1.030e-02
4.803e-01 1.030e-02
4.803e-01 1.036e-02
4.436e-01 1.036e-02
3.509e-01 1.069e-02
3.249e-01 1.069e-02
1.000e+00 9.766e-03
4.100e-01 1.050e-02
3.792e-01 1.050e-02
4.436e-01 1.038e-02
4.100e-01 1.043e-02
4.436e-01 1.043e-02
4.100e-01 1.046e-02
9.514e-01 9.853e-03
1.000e+00 9.853e-03
6.598e-01 1.018e-02
6.112e-01 1.018e-02
3.249e-01 1.074e-02
8.542e-01 9.988e-03
9.028e-01 9.988e-03
8.542e-01 1.004e-02
8.056e-01 1.004e-02
8.542e-01 1.001e-02
9.028e-01 9.948e-03
9.514e-01 9.927e-03
9.028e-01 9.927e-03
9.514e-01 9.873e-03
6.598e-01 1.016e-02
6.598e-01 1.014e-02
7.084e-01 1.014e-02
7.570e-01 1.011e-02
7.084e-01 1.011e-02
7.084e-01 1.013e-02
7.570e-01 1.008e-02
8.056e-01 1.008e-02
8.056e-01 1.005e-02
7.570e-01 1.009e-02
3.011e-01 1.082e-02
3.249e-01 1.082e-02
3.011e-01 1.089e-02
2.793e-01 1.116e-02
2.593e-01 1.116e-02
3.011e-01 1.099e-02
2.793e-01 1.099e-02
2.793e-01 1.107e-02
3.792e-01 1.054e-02
3.509e-01 1.059e-02
3.792e-01 1.059e-02
3.509e-01 1.063e-02
2.593e-01 1.124e-02
2.409e-01 1.138e-02
2.593e-01 1.138e-02
2.409e-01 1.149e-02
1.815e-01 1.317e-02
2.409e-01 1.166e-02
2.241e-01 1.166e-02
2.241e-01 1.198e-02
2.087e-01 1.198e-02
2.241e-01 1.178e-02
1.696e-01 1.352e-02
1.815e-01 1.352e-02
1.696e-01 1.428e-02
1.586e-01 1.428e-02
1.696e-01 1.382e-02
1.945e-01 1.290e-02
1.815e-01 1.290e-02
2.087e-01 1.216e-02
1.945e-01 1.240e-02
2.087e-01 1.240e-02
1.945e-01 1.263e-02
1.586e-01 1.467e-02
1.486e-01 1.530e-02
1.586e-01 1.530e-02
1.486e-01 1.574e-02
1.486e-01 1.654e-02
1.389e-01 1.654e-02
1.292e-01 1.918e-02
1.389e-01 1.849e-02
1.292e-01 1.849e-02
1.389e-01 1.705e-02
1.194e-01 2.959e-02
1.097e-01 2.959e-02
1.194e-01 2.184e-02
1.292e-01 2.184e-02
1.194e-01 2.197e-02
1.097e-01 3.701e-02
1.097e-01 2.389e-02
