1.000e+00 1.261e-02
7.570e-01 1.081e-02
8.056e-01 1.081e-02
4.436e-01 9.046e-03
7.570e-01 1.050e-02
4.100e-01 8.936e-03
4.436e-01 8.936e-03
4.803e-01 9.369e-03
5.202e-01 9.369e-03
4.803e-01 9.272e-03
4.436e-01 9.159e-03
4.803e-01 9.159e-03
9.514e-01 1.822e-02
1.000e+00 1.822e-02
9.028e-01 1.143e-02
9.514e-01 1.362e-02
9.028e-01 1.362e-02
9.514e-01 1.169e-02
8.542e-01 1.225e-02
9.028e-01 1.225e-02
7.084e-01 1.047e-02
7.570e-01 1.047e-02
7.084e-01 1.028e-02
6.598e-01 1.021e-02
7.084e-01 1.021e-02
3.249e-01 8.110e-03
3.509e-01 8.110e-03
3.249e-01 7.763e-03
3.011e-01 7.763e-03
3.249e-01 7.998e-03
1.000e-01 -6.782e-04
2.793e-01 7.382e-03
3.011e-01 7.382e-03
2.793e-01 7.213e-03
3.011e-01 7.653e-03
3.792e-01 8.690e-03
4.100e-01 8.690e-03
4.100e-01 8.805e-03
8.056e-01 1.074e-02
8.542e-01 1.126e-02
8.056e-01 1.126e-02
8.542e-01 1.130e-02
5.638e-01 9.771e-03
6.112e-01 9.771e-03
5.638e-01 9.568e-03
5.202e-01 9.568e-03
5.202e-01 9.477e-03
5.638e-01 9.689e-03
6.112e-01 9.979e-03
6.598e-01 9.979e-03
6.598e-01 1.006e-02
6.112e-01 9.864e-03
1.292e-01 3.664e-04
2.409e-01 6.493e-03
2.593e-01 6.493e-03
2.593e-01 6.778e-03
2.593e-01 6.959e-03
2.793e-01 6.959e-03
3.792e-01 8.416e-03
3.509e-01 8.416e-03
3.509e-01 8.297e-03
3.792e-01 8.556e-03
1.097e-01 -1.248e-04
1.000e-01 -1.248e-04
1.097e-01 -5.241e-04
1.292e-01 8.010e-04
1.389e-01 8.010e-04
1.389e-01 9.813e-04
1.389e-01 1.416e-03
1.486e-01 1.416e-03
2.087e-01 4.820e-03
1.945e-01 4.820e-03
2.087e-01 5.193e-03
2.087e-01 5.423e-03
2.241e-01 5.423e-03
2.409e-01 6.305e-03
2.241e-01 5.982e-03
2.409e-01 5.982e-03
2.241e-01 5.778e-03
1.194e-01 -7.126e-05
1.097e-01 -2.198e-04
1.194e-01 -2.198e-04
1.194e-01 1.793e-04
1.292e-01 1.793e-04
1.486e-01 2.013e-03
1.815e-01 4.182e-03
1.945e-01 4.182e-03
1.945e-01 4.584e-03
1.586e-01 2.077e-03
1.486e-01 2.077e-03
1.696e-01 3.508e-03
1.815e-01 3.508e-03
1.815e-01 3.880e-03
1.696e-01 3.182e-03
1.586e-01 2.803e-03
1.696e-01 2.803e-03
1.586e-01 2.570e-03
